ENSO Shiny App/clickmap2.asc
NCOLS 721 
NROWS 361 
XLLCORNER -180 
YLLCORNER -90 
CELLSIZE 0.5 
NODATA_value -3.4e+38 
[rows 58 to 86 of 361, columns 594 to 659 of 721]
340 338 332 328 327 330 322 329 332 339 346 353 357 359 359 357 352 356 367 367 362 357 353 346 339 331 325 322 321 317 320 319 317 313 314 317 324 341 356 381 400 406 435 444 453 452 445 437 435 443 426 412 410 404 412 401 396 394 398 404 404 410 410 418 422 433
345 346 341 338 334 334 331 336 346 350 373 371 387 386 388 394 397 400 401 397 394 386 376 367 357 350 343 341 341 337 335 332 332 324 323 332 344 356 371 385 406 409 441 444 454 454 455 458 455 449 444 432 430 431 431 420 411 418 413 412 414 417 428 428 441 450
367 359 346 345 341 342 346 353 360 370 384 396 408 418 417 426 437 435 426 421 413 401 399 389 381 376 370 362 357 356 352 346 345 346 352 358 365 374 387 417 433 425 447 459 478 479 481 480 475 469 459 445 442 442 441 440 443 434 432 434 438 440 445 450 452 464
388 381 371 355 347 349 356 365 370 377 395 412 432 443 455 464 474 470 460 448 449 439 425 415 405 394 386 381 374 372 371 369 377 381 387 388 387 399 410 427 443 465 475 488 502 511 506 502 500 490 483 463 -3.4e+38 -3.4e+38 -3.4e+38 -3.4e+38 -3.4e+38 -3.4e+38 456 -3.4e+38 459 -3.4e+38 -3.4e+38 -3.4e+38 -3.4e+38 -3.4e+38
391 377 361 362 364 355 362 368 382 388 406 436 461 470 484 502 533 526 513 493 471 459 447 436 429 415 409 403 399 397 400 399 407 410 408 414 421 426 436 461 475 496 513 524 538 536 541 524 524 501 -3.4e+38 -3.4e+38 -3.4e+38 -3.4e+38 -3.4e+38 -3.4e+38 -3.4e+38 -3.4e+38 -3.4e+38 -3.4e+38 -3.4e+38 -3.4e+38 -3.4e+38 -3.4e+38 -3.4e+38 -3.4e+38
417 395 369 375 394 383 384 394 408 413 421 439 470 484 503 530 561 570 539 522 507 498 487 479 481 466 468 464 432 440 426 423 436 438 444 443 446 455 468 486 511 540 560 573 579 572 564 543 -3.4e+38 -3.4e+38 -3.4e+38 -3.4e+38 -3.4e+38 -3.4e+38 -3.4e+38 -3.4e+38 -3.4e+38 -3.4e+38 -3.4e+38 -3.4e+38 -3.4e+38 -3.4e+38 -3.4e+38 -3.4e+38 -3.4e+38 -3.4e+38
424 403 397 395 403 405 413 419 443 432 463 478 483 493 522 548 574 577 551 552 545 539 523 522 509 486 485 466 459 467 461 464 474 479 479 484 476 479 479 518 552 583 601 616 620 604 575 -3.4e+38 -3.4e+38 -3.4e+38 -3.4e+38 -3.4e+38 -3.4e+38 -3.4e+38 -3.4e+38 -3.4e+38 -3.4e+38 -3.4e+38 -3.4e+38 -3.4e+38 -3.4e+38 -3.4e+38 -3.4e+38 -3.4e+38 -3.4e+38 -3.4e+38
431 442 426 407 411 423 427 430 439 449 470 487 497 508 525 535 557 571 572 565 569 567 540 530 521 505 497 483 475 484 489 490 496 502 516 514 519 523 537 579 606 633 650 653 631 -3.4e+38 -3.4e+38 -3.4e+38 -3.4e+38 -3.4e+38 -3.4e+38 -3.4e+38 -3.4e+38 -3.4e+38 -3.4e+38 -3.4e+38 -3.4e+38 -3.4e+38 -3.4e+38 -3.4e+38 -3.4e+38 -3.4e+38 -3.4e+38 -3.4e+38 -3.4e+38 -3.4e+38
450 436 393 415 443 449 448 437 433 454 467 487 518 539 543 533 563 580 573 587 576 581 562 556 555 534 519 503 501 513 519 540 535 539 548 558 561 575 591 622 647 670 693 -3.4e+38 -3.4e+38 -3.4e+38 -3.4e+38 -3.4e+38 -3.4e+38 -3.4e+38 -3.4e+38 -3.4e+38 -3.4e+38 -3.4e+38 -3.4e+38 -3.4e+38 -3.4e+38 -3.4e+38 -3.4e+38 -3.4e+38 -3.4e+38 -3.4e+38 -3.4e+38 -3.4e+38 -3.4e+38 -3.4e+38
441 440 429 438 438 439 445 453 448 454 469 491 515 541 555 556 568 577 583 588 588 587 567 571 575 547 550 520 513 531 555 563 572 579 599 611 609 622 637 651 664 690 -3.4e+38 -3.4e+38 -3.4e+38 -3.4e+38 -3.4e+38 -3.4e+38 -3.4e+38 -3.4e+38 -3.4e+38 -3.4e+38 -3.4e+38 -3.4e+38 -3.4e+38 -3.4e+38 -3.4e+38 -3.4e+38 -3.4e+38 -3.4e+38 -3.4e+38 -3.4e+38 -3.4e+38 -3.4e+38 -3.4e+38 -3.4e+38
418 426 428 436 430 422 425 436 439 452 465 473 493 520 545 559 567 581 600 592 583 594 591 577 585 576 573 570 566 570 579 595 612 624 635 647 657 658 649 644 -3.4e+38 -3.4e+38 -3.4e+38 -3.4e+38 -3.4e+38 -3.4e+38 -3.4e+38 -3.4e+38 -3.4e+38 -3.4e+38 -3.4e+38 -3.4e+38 -3.4e+38 -3.4e+38 -3.4e+38 -3.4e+38 -3.4e+38 -3.4e+38 -3.4e+38 -3.4e+38 -3.4e+38 -3.4e+38 -3.4e+38 -3.4e+38 -3.4e+38 -3.4e+38
408 414 417 421 424 427 420 434 440 452 462 477 490 508 527 535 552 568 581 582 573 577 578 582 569 572 560 569 584 595 590 605 623 639 660 672 682 673 -3.4e+38 -3.4e+38 -3.4e+38 -3.4e+38 -3.4e+38 -3.4e+38 -3.4e+38 -3.4e+38 -3.4e+38 -3.4e+38 -3.4e+38 -3.4e+38 -3.4e+38 -3.4e+38 -3.4e+38 -3.4e+38 -3.4e+38 -3.4e+38 -3.4e+38 -3.4e+38 -3.4e+38 -3.4e+38 -3.4e+38 -3.4e+38 -3.4e+38 -3.4e+38 -3.4e+38 -3.4e+38
399 406 419 415 417 428 430 432 432 456 474 476 492 507 516 538 546 553 573 564 571 570 570 572 570 567 554 563 590 607 606 618 647 656 666 685 705 -3.4e+38 -3.4e+38 -3.4e+38 -3.4e+38 603 -3.4e+38 -3.4e+38 -3.4e+38 -3.4e+38 -3.4e+38 -3.4e+38 -3.4e+38 -3.4e+38 -3.4e+38 -3.4e+38 -3.4e+38 -3.4e+38 -3.4e+38 -3.4e+38 -3.4e+38 -3.4e+38 -3.4e+38 -3.4e+38 -3.4e+38 -3.4e+38 -3.4e+38 -3.4e+38 -3.4e+38 -3.4e+38
401 409 412 421 430 430 439 443 448 460 454 464 469 478 506 520 545 559 567 564 571 561 570 576 578 581 561 571 596 604 611 611 629 650 678 701 708 684 666 627 -3.4e+38 -3.4e+38 -3.4e+38 -3.4e+38 612 618 -3.4e+38 -3.4e+38 -3.4e+38 -3.4e+38 -3.4e+38 644 -3.4e+38 -3.4e+38 -3.4e+38 -3.4e+38 -3.4e+38 -3.4e+38 -3.4e+38 -3.4e+38 -3.4e+38 -3.4e+38 -3.4e+38 -3.4e+38 -3.4e+38 -3.4e+38
422 420 409 408 419 428 432 432 433 437 437 448 453 466 480 491 517 523 531 542 549 569 573 574 586 599 601 605 625 629 627 635 653 684 723 738 710 675 649 618 634 -3.4e+38 592 607 612 607 609 -3.4e+38 -3.4e+38 -3.4e+38 -3.4e+38 641 -3.4e+38 -3.4e+38 -3.4e+38 -3.4e+38 -3.4e+38 -3.4e+38 -3.4e+38 -3.4e+38 -3.4e+38 -3.4e+38 -3.4e+38 -3.4e+38 -3.4e+38 -3.4e+38
406 412 396 394 404 428 431 433 436 440 441 451 458 464 472 480 501 514 518 526 537 551 563 575 585 586 592 601 631 639 638 659 685 700 707 719 701 657 623 606 589 588 591 599 600 595 609 619 618 -3.4e+38 630 646 -3.4e+38 -3.4e+38 -3.4e+38 -3.4e+38 -3.4e+38 -3.4e+38 -3.4e+38 -3.4e+38 -3.4e+38 -3.4e+38 -3.4e+38 -3.4e+38 -3.4e+38 -3.4e+38
389 397 394 391 410 419 422 436 449 441 452 460 476 484 483 490 492 500 511 523 535 548 562 574 578 584 598 613 636 648 658 676 693 710 723 729 702 646 588 571 577 586 588 601 593 594 605 623 609 -3.4e+38 627 646 656 -3.4e+38 -3.4e+38 -3.4e+38 -3.4e+38 -3.4e+38 -3.4e+38 -3.4e+38 -3.4e+38 -3.4e+38 -3.4e+38 -3.4e+38 -3.4e+38 -3.4e+38
383 387 385 401 411 420 428 430 446 450 465 476 480 482 483 492 494 495 504 516 533 548 561 574 575 582 601 623 643 659 668 694 700 717 728 723 670 617 564 549 580 589 591 607 598 600 607 620 605 599 629 648 -3.4e+38 -3.4e+38 -3.4e+38 -3.4e+38 -3.4e+38 -3.4e+38 -3.4e+38 -3.4e+38 -3.4e+38 -3.4e+38 -3.4e+38 -3.4e+38 -3.4e+38 -3.4e+38
375 381 392 406 414 426 428 441 442 458 470 480 481 486 497 501 507 503 501 506 531 545 562 574 589 600 609 627 660 678 679 685 689 705 713 709 664 620 578 564 568 586 621 609 611 613 627 633 -3.4e+38 -3.4e+38 633 658 672 -3.4e+38 -3.4e+38 -3.4e+38 -3.4e+38 -3.4e+38 -3.4e+38 -3.4e+38 -3.4e+38 -3.4e+38 -3.4e+38 -3.4e+38 -3.4e+38 -3.4e+38
375 381 386 403 409 420 433 450 454 457 472 481 479 492 489 494 501 506 513 515 535 550 563 580 597 611 615 639 664 679 679 674 694 731 731 695 666 642 603 584 582 614 621 628 640 652 656 639 -3.4e+38 -3.4e+38 645 670 695 -3.4e+38 -3.4e+38 -3.4e+38 -3.4e+38 -3.4e+38 -3.4e+38 -3.4e+38 -3.4e+38 -3.4e+38 -3.4e+38 -3.4e+38 -3.4e+38 -3.4e+38
355 367 372 381 391 410 430 444 453 475 477 480 479 481 485 493 483 493 524 534 541 555 568 583 599 614 626 654 664 668 674 689 714 724 728 740 713 669 658 612 595 613 662 691 691 698 683 -3.4e+38 -3.4e+38 -3.4e+38 676 694 741 730 -3.4e+38 -3.4e+38 -3.4e+38 -3.4e+38 -3.4e+38 -3.4e+38 -3.4e+38 -3.4e+38 -3.4e+38 -3.4e+38 -3.4e+38 -3.4e+38
338 349 354 363 370 390 412 435 454 471 473 472 479 483 481 484 485 495 527 534 543 560 573 588 601 613 629 641 653 664 682 690 710 732 759 747 732 707 676 637 632 664 701 719 730 721 703 -3.4e+38 -3.4e+38 -3.4e+38 704 717 751 759 -3.4e+38 -3.4e+38 -3.4e+38 -3.4e+38 -3.4e+38 -3.4e+38 -3.4e+38 -3.4e+38 -3.4e+38 -3.4e+38 -3.4e+38 -3.4e+38
310 322 332 347 360 379 406 426 441 460 471 472 469 469 465 474 487 499 512 528 547 563 579 595 599 610 625 633 641 652 668 686 700 720 735 738 717 701 691 683 690 719 756 768 769 753 731 -3.4e+38 -3.4e+38 -3.4e+38 738 748 752 778 -3.4e+38 -3.4e+38 -3.4e+38 -3.4e+38 -3.4e+38 -3.4e+38 -3.4e+38 -3.4e+38 -3.4e+38 -3.4e+38 -3.4e+38 -3.4e+38
296 304 314 329 345 360 391 420 439 461 466 472 464 464 461 475 489 498 513 530 551 569 580 594 599 606 617 629 642 660 672 685 694 715 739 746 730 725 724 724 755 793 797 807 800 779 758 -3.4e+38 -3.4e+38 -3.4e+38 771 789 779 803 825 -3.4e+38 -3.4e+38 -3.4e+38 -3.4e+38 -3.4e+38 -3.4e+38 -3.4e+38 -3.4e+38 -3.4e+38 -3.4e+38 -3.4e+38
279 292 302 316 334 358 392 429 446 458 464 457 459 457 456 470 482 497 512 530 548 568 597 605 612 616 618 624 632 634 639 661 671 691 704 722 730 737 749 779 808 848 864 854 836 817 792 -3.4e+38 -3.4e+38 -3.4e+38 811 819 -3.4e+38 -3.4e+38 -3.4e+38 -3.4e+38 -3.4e+38 -3.4e+38 -3.4e+38 -3.4e+38 -3.4e+38 -3.4e+38 -3.4e+38 -3.4e+38 -3.4e+38 -3.4e+38
275 282 294 308 330 361 396 424 445 453 455 451 449 443 453 465 476 490 507 525 550 568 597 605 612 616 615 623 625 618 627 646 661 680 694 697 726 753 775 820 858 880 876 882 867 849 -3.4e+38 -3.4e+38 -3.4e+38 -3.4e+38 839 -3.4e+38 -3.4e+38 -3.4e+38 -3.4e+38 -3.4e+38 -3.4e+38 -3.4e+38 -3.4e+38 -3.4e+38 -3.4e+38 -3.4e+38 -3.4e+38 -3.4e+38 -3.4e+38 -3.4e+38
275 276 295 313 350 388 414 438 438 446 437 433 429 430 440 451 461 475 501 530 545 567 591 611 631 634 600 603 600 597 607 625 649 669 688 695 726 767 810 850 873 885 892 893 875 -3.4e+38 -3.4e+38 -3.4e+38 -3.4e+38 -3.4e+38 -3.4e+38 -3.4e+38 -3.4e+38 -3.4e+38 -3.4e+38 -3.4e+38 -3.4e+38 -3.4e+38 -3.4e+38 -3.4e+38 -3.4e+38 -3.4e+38 -3.4e+38 -3.4e+38 -3.4e+38 -3.4e+38
271 279 296 316 354 394 417 436 433 435 429 427 425 428 437 445 459 475 500 527 545 562 586 605 622 629 581 581 582 577 588 614 640 662 683 717 738 784 826 883 896 915 913 910 -3.4e+38 -3.4e+38 -3.4e+38 -3.4e+38 -3.4e+38 -3.4e+38 900 925 -3.4e+38 -3.4e+38 -3.4e+38 -3.4e+38 -3.4e+38 -3.4e+38 -3.4e+38 -3.4e+38 -3.4e+38 -3.4e+38 -3.4e+38 -3.4e+38 -3.4e+38 -3.4e+38
271 289 318 328 347 393 409 425 422 422 420 422 421 427 433 441 453 469 494 515 537 557 591 602 603 599 566 573 572 574 589 610 641 665 682 713 745 789 827 870 884 909 919 -3.4e+38 -3.4e+38 -3.4e+38 -3.4e+38 -3.4e+38 -3.4e+38 -3.4e+38 902 894 907 -3.4e+38 -3.4e+38 -3.4e+38 -3.4e+38 -3.4e+38 -3.4e+38 -3.4e+38 -3.4e+38 -3.4e+38 -3.4e+38 -3.4e+38 -3.4e+38 -3.4e+38
