ENSO Shiny App/clickmap2.asc
NCOLS 721 
NROWS 361 
XLLCORNER -180 
YLLCORNER -90 
CELLSIZE 0.5 
NODATA_value -3.4e+38 
[rows 87 to 115 of 361, columns 132 to 197 of 721]
331 345 327 354 384 436 453 477 452 432 401 363 354 354 350 348 372 424 434 401 387 392 401 403 399 402 411 433 455 476 506 528 512 514 543 588 641 674 697 712 718 728 728 738 753 769 782 792 790 789 789 804 843 873 867 840 818 827 855 880 894 874 849 846 841 812
298 317 327 340 422 534 527 485 477 446 401 352 362 375 369 369 385 406 411 386 376 385 394 398 404 414 422 440 449 473 495 512 510 528 558 604 651 675 701 715 709 722 728 739 751 775 795 805 805 799 785 767 791 828 836 809 810 815 818 815 810 816 823 830 823 843
255 296 280 349 497 595 505 513 523 522 391 334 322 353 371 383 399 401 398 374 369 381 393 402 409 422 433 451 467 484 505 511 525 542 553 603 650 682 699 708 715 726 738 754 770 789 805 812 816 809 793 778 785 800 810 810 808 777 766 760 750 819 817 819 829 841
311 338 376 461 578 627 543 507 491 427 196 202 316 338 368 387 403 411 403 389 388 392 402 407 422 430 443 464 481 493 511 520 535 558 568 612 665 678 700 717 730 740 754 766 780 794 805 826 816 803 791 774 780 800 796 805 800 772 747 744 743 823 817 815 825 906
404 405 399 389 474 542 540 494 465 362 231 185 235 355 348 363 387 394 398 418 416 411 404 417 428 443 457 466 480 489 507 530 543 557 577 629 667 692 721 748 752 756 768 768 779 779 786 789 786 780 778 753 756 791 798 830 826 794 751 743 745 816 816 826 839 1056
445 344 287 287 340 455 512 464 429 404 263 196 237 319 332 349 378 382 384 373 413 411 406 421 432 449 471 476 489 519 536 545 558 570 596 648 684 707 737 775 785 793 802 790 796 783 783 790 787 791 782 766 769 793 796 873 851 823 779 743 747 768 804 837 973 1037
325 304 267 284 377 424 452 426 460 308 230 217 262 316 327 350 363 367 377 387 396 406 409 425 437 452 469 491 518 557 572 565 564 584 602 652 695 719 731 763 783 803 821 834 829 802 805 822 823 810 821 802 795 790 789 821 856 842 792 758 761 779 796 850 921 1027
265 268 308 364 384 420 438 341 315 436 366 290 297 301 296 346 352 353 377 401 410 415 414 436 433 457 477 510 551 583 603 598 594 610 642 666 714 761 766 800 820 820 836 858 869 848 858 865 855 846 854 849 856 793 791 876 910 867 800 785 796 804 797 843 913 951
314 309 382 412 411 349 387 304 263 295 355 320 311 290 292 325 348 352 341 352 396 417 442 442 449 472 509 564 586 612 633 645 639 662 703 696 744 785 800 830 838 841 849 870 876 879 910 914 908 897 889 893 894 807 801 932 933 866 858 853 840 848 863 856 885 895
318 284 341 410 449 342 280 241 220 245 267 299 308 311 297 321 314 354 406 382 397 409 434 442 454 483 519 571 589 615 626 671 706 705 736 723 777 812 828 836 843 852 870 882 866 872 890 909 923 907 907 916 910 834 957 971 918 882 899 887 858 871 889 898 901 928
202 257 340 436 514 406 330 298 233 259 303 304 334 389 378 380 311 360 399 420 441 435 455 443 457 476 500 552 581 623 629 645 712 738 735 753 784 830 851 842 843 877 895 881 854 874 881 942 935 913 901 896 904 905 931 965 930 911 914 891 893 888 907 946 944 973
174 250 377 452 607 625 702 595 400 266 307 306 381 480 491 438 402 393 391 398 405 426 448 442 466 486 506 561 598 628 641 674 701 714 740 790 795 854 884 867 858 888 903 893 898 919 934 941 926 921 911 912 908 927 927 956 960 943 938 923 914 912 960 963 954 961
186 233 387 486 487 684 477 258 183 217 290 334 445 552 542 466 421 436 391 360 339 396 429 453 468 498 530 560 594 633 653 688 712 741 776 820 795 856 890 890 883 900 909 899 907 941 968 947 912 927 947 972 978 1001 1007 988 984 996 956 948 961 943 969 990 1022 1025
269 248 308 443 517 565 411 347 244 253 368 392 499 593 543 456 434 435 411 383 354 377 401 428 450 501 558 569 563 604 635 673 720 765 811 844 882 912 917 922 921 943 943 933 939 955 937 947 907 947 969 1004 1045 1069 1049 1011 1056 1048 988 961 988 974 975 997 1033 1060
251 286 243 354 361 406 238 227 321 277 288 376 514 597 595 516 423 413 418 390 373 372 381 401 454 493 534 563 568 576 617 665 723 788 850 875 898 982 990 964 953 972 972 972 976 930 903 909 956 969 968 1006 1034 1053 1064 1038 1038 1055 1022 1016 1030 1013 1002 1021 1025 1052
315 281 330 370 361 219 196 167 225 287 406 320 330 606 559 491 406 406 394 343 352 355 378 404 442 485 522 537 549 562 612 675 733 802 869 900 924 979 989 998 996 979 972 972 969 946 920 925 956 970 997 1032 1079 1108 1138 1103 1085 1102 1078 1076 1085 1068 1039 1037 1052 1099
319 302 319 336 345 253 189 207 241 341 332 408 489 534 454 396 320 352 321 304 301 328 376 400 426 462 502 508 523 578 635 691 749 812 884 946 984 1000 1011 1021 1033 989 962 964 966 974 966 977 1000 1034 1048 1077 1121 1140 1167 1162 1137 1140 1096 1118 1149 1146 1088 1066 1069 1066
300 316 337 320 307 231 206 235 353 306 384 654 656 625 491 264 214 402 335 322 312 337 381 402 425 447 494 530 557 609 664 704 744 805 909 978 1026 1032 1045 1070 1057 1006 970 995 995 1003 1017 1049 1084 1122 1133 1139 1148 1160 1193 1209 1216 1202 1164 1150 1178 1159 1119 1101 1064 1051
290 341 387 365 280 247 196 209 230 242 295 429 471 466 517 379 201 393 395 360 362 392 410 422 441 464 519 544 561 635 691 740 774 835 914 982 1049 1049 1049 1101 1086 1045 1041 1068 1056 1058 1089 1132 1161 1183 1195 1205 1209 1214 1232 1259 1291 1284 1236 1210 1187 1138 1107 1077 1065 1075
274 326 351 365 287 257 273 314 241 323 220 241 230 357 493 443 304 536 423 417 399 394 429 443 439 449 522 568 630 639 691 784 817 861 928 962 991 1052 1094 1109 1104 1077 1080 1102 1097 1118 1153 1163 1188 1217 1249 1272 1286 1263 1256 1282 1315 1315 1296 1285 1213 1130 1083 1068 1110 1154
272 318 314 328 289 270 286 301 267 316 241 232 245 389 524 397 364 545 417 385 389 384 418 456 462 484 534 571 590 596 643 686 773 873 934 982 1021 1077 1130 1134 1124 1123 1125 1129 1137 1175 1193 1188 1211 1251 1285 1329 1350 1317 1242 1280 1327 1371 1367 1338 1218 1110 1049 1156 1210 1182
260 244 324 379 386 273 240 243 245 256 248 276 334 402 503 397 455 444 417 375 377 402 420 450 472 507 559 591 616 622 629 659 787 892 929 992 1039 1086 1117 1116 1143 1165 1163 1165 1180 1203 1181 1202 1240 1281 1314 1359 1390 1368 1328 1341 1351 1420 1386 1312 1288 1293 1395 1343 1323 1192
278 258 317 497 549 347 213 201 232 241 263 326 369 376 353 405 402 377 373 371 399 416 437 453 477 517 560 607 653 655 675 705 794 871 944 1031 1073 1115 1117 1098 1148 1177 1176 1186 1208 1222 1227 1260 1314 1331 1344 1373 1427 1405 1394 1408 1426 1407 1389 1478 1658 1743 1602 1344 1258 1181
266 333 365 418 440 408 311 246 234 232 282 337 344 290 336 370 360 334 347 385 417 438 454 467 478 503 550 596 626 649 695 715 785 906 983 1054 1107 1162 1229 1282 1256 1245 1242 1238 1241 1244 1267 1323 1380 1400 1390 1391 1382 1403 1440 1475 1486 1436 1422 1577 1682 1611 1375 1254 1199 1181
221 260 366 474 511 521 468 379 351 297 330 376 357 298 329 348 364 326 326 354 396 428 445 467 479 496 533 585 620 652 691 691 754 902 1004 1070 1132 1190 1277 1343 1337 1319 1292 1269 1264 1271 1292 1370 1416 1402 1394 1398 1409 1420 1475 1483 1485 1408 1385 1424 1384 1336 1235 1170 1171 1187
193 257 268 279 390 497 476 429 414 405 382 357 349 309 267 282 364 382 315 327 382 422 437 455 472 482 516 578 624 675 730 796 825 937 1011 1070 1139 1193 1255 1299 1331 1353 1318 1293 1285 1289 1329 1393 1424 1405 1372 1383 1373 1380 1410 1431 1440 1404 1336 1268 1248 1199 1181 1133 1181 1205
157 172 248 249 276 402 475 391 408 400 406 409 383 278 298 275 501 423 326 326 378 408 425 438 452 472 512 574 635 698 752 802 843 902 970 1041 1108 1175 1235 1263 1281 1315 1320 1320 1324 1335 1367 1419 1420 1424 1376 1330 1321 1354 1386 1407 1407 1347 1283 1233 1168 1156 1145 1128 1143 1154
127 146 181 222 245 291 446 440 310 298 344 347 321 238 284 261 476 403 338 315 350 380 397 394 417 456 512 562 618 707 757 792 835 858 926 1012 1086 1157 1211 1231 1228 1291 1318 1346 1369 1365 1386 1410 1419 1428 1384 1301 1350 1368 1373 1369 1363 1321 1272 1214 1134 1127 1132 1124 1147 1196
122 151 204 227 284 302 382 391 311 298 294 278 264 244 256 266 279 316 371 323 333 356 365 361 388 434 496 556 593 691 754 799 807 860 934 1013 1083 1132 1198 1231 1242 1302 1353 1388 1414 1362 1355 1378 1429 1411 1372 1370 1394 1394 1363 1331 1349 1320 1276 1227 1162 1152 1155 1156 1177 1232
