ENSO Shiny App/clickmap2.asc
NCOLS 721 
NROWS 361 
XLLCORNER -180 
YLLCORNER -90 
CELLSIZE 0.5 
NODATA_value -3.4e+38 
[rows 116 to 144 of 361, columns 330 to 395 of 721]
-3.4e+38 -3.4e+38 -3.4e+38 -3.4e+38 -3.4e+38 -3.4e+38 -3.4e+38 -3.4e+38 -3.4e+38 -3.4e+38 -3.4e+38 333 310 306 315 376 437 509 521 417 327 293 259 220 157 129 129 121 112 111 114 113 96 96 96 92 85 74 50 43 39 40 43 43 45 51 55 67 78 92 113 133 142 158 194 205 210 180 173 187 201 -3.4e+38 -3.4e+38 -3.4e+38 -3.4e+38 -3.4e+38
-3.4e+38 -3.4e+38 -3.4e+38 -3.4e+38 -3.4e+38 -3.4e+38 -3.4e+38 -3.4e+38 -3.4e+38 -3.4e+38 -3.4e+38 338 324 336 413 408 428 390 368 293 262 250 217 183 123 103 101 92 86 86 78 79 73 77 78 72 69 60 33 28 26 27 29 36 34 37 38 48 58 69 87 109 123 132 136 143 135 129 140 150 165 177 191 -3.4e+38 -3.4e+38 -3.4e+38
-3.4e+38 -3.4e+38 -3.4e+38 -3.4e+38 -3.4e+38 -3.4e+38 -3.4e+38 -3.4e+38 -3.4e+38 -3.4e+38 259 294 324 288 348 288 236 261 237 212 190 172 151 126 98 73 67 65 62 59 60 60 59 60 53 51 42 25 17 17 18 18 19 24 24 30 32 34 41 51 67 88 100 107 115 120 129 118 109 118 136 146 157 172 186 182
-3.4e+38 -3.4e+38 -3.4e+38 -3.4e+38 -3.4e+38 -3.4e+38 -3.4e+38 -3.4e+38 -3.4e+38 -3.4e+38 -3.4e+38 204 240 276 292 215 182 190 167 160 149 130 118 104 77 54 46 43 44 42 47 48 46 46 39 38 30 18 12 11 11 10 11 13 15 16 21 21 27 34 53 69 82 85 88 97 104 107 87 94 107 115 135 143 145 143
-3.4e+38 -3.4e+38 -3.4e+38 -3.4e+38 -3.4e+38 -3.4e+38 -3.4e+38 -3.4e+38 -3.4e+38 -3.4e+38 184 221 272 214 168 135 127 119 117 118 108 95 85 70 61 46 41 36 35 28 24 31 37 39 34 27 16 12 8 6 7 6 5 5 6 10 15 14 25 29 39 47 58 65 81 90 97 98 80 72 79 86 112 124 122 127
-3.4e+38 -3.4e+38 -3.4e+38 -3.4e+38 -3.4e+38 -3.4e+38 -3.4e+38 -3.4e+38 -3.4e+38 158 201 213 177 138 123 109 107 102 100 91 83 76 66 55 46 39 36 35 31 19 14 17 26 31 37 37 9 6 6 2 2 2 4 4 2 5 9 12 30 36 35 39 48 53 66 80 83 82 72 63 58 59 84 95 89 95
-3.4e+38 -3.4e+38 -3.4e+38 -3.4e+38 -3.4e+38 -3.4e+38 -3.4e+38 -3.4e+38 131 134 160 136 117 108 104 97 81 74 62 60 55 48 39 34 31 26 18 17 12 10 11 23 27 37 43 42 27 20 15 7 2 0 1 0 1 3 4 12 28 38 28 26 33 43 51 57 75 73 68 72 70 63 57 56 64 65
-3.4e+38 -3.4e+38 -3.4e+38 -3.4e+38 -3.4e+38 -3.4e+38 99 106 113 108 103 119 101 91 78 66 60 55 46 42 38 34 28 25 19 16 13 11 7 10 13 15 24 43 45 40 35 25 12 6 1 0 2 0 2 3 3 6 16 23 21 15 18 18 29 32 76 94 58 49 50 54 59 64 57 50
-3.4e+38 -3.4e+38 -3.4e+38 -3.4e+38 77 82 95 96 96 102 95 91 79 73 65 55 54 43 32 27 30 26 22 18 11 8 7 4 4 6 9 14 21 34 31 21 18 18 7 4 5 4 0 0 0 0 1 3 7 11 7 7 8 11 14 19 23 26 19 18 27 37 50 70 67 63
-3.4e+38 -3.4e+38 -3.4e+38 56 59 63 75 79 74 84 80 75 62 61 49 43 38 30 22 20 21 17 14 14 7 5 2 3 3 2 5 6 10 13 9 4 3 3 1 3 4 2 0 1 0 0 0 0 2 2 3 3 3 4 6 7 6 5 5 7 21 25 36 68 99 63
-3.4e+38 -3.4e+38 -3.4e+38 44 45 52 63 60 60 57 79 67 60 52 40 27 21 19 16 13 12 9 8 6 4 2 1 0 0 0 0 1 0 2 3 2 0 0 0 4 11 14 1 5 0 0 0 0 0 2 2 1 1 1 3 2 5 11 15 10 12 12 20 30 54 46
-3.4e+38 43 38 33 34 42 49 48 47 43 58 52 43 35 20 18 15 13 11 9 8 6 4 4 0 0 0 0 0 0 0 0 0 0 0 0 0 0 0 8 13 21 14 9 15 15 7 10 9 2 0 0 0 3 6 7 3 2 0 4 2 1 6 15 17 2
-3.4e+38 42 37 33 36 48 47 47 42 36 39 36 32 26 14 11 11 9 7 6 4 2 2 0 0 0 0 0 0 0 0 0 0 0 0 0 0 13 33 27 9 22 30 26 37 41 52 35 33 39 0 0 3 4 0 1 4 4 1 1 2 4 5 6 2 0
40 37 32 28 29 40 36 31 27 26 17 15 22 16 9 8 6 6 4 3 2 0 0 0 0 0 0 0 0 0 0 0 0 0 0 0 0 6 31 20 7 18 21 20 34 35 61 50 35 34 13 22 6 3 5 10 8 9 4 1 1 4 4 3 3 0
37 33 32 29 27 24 22 19 16 13 10 8 8 6 6 4 3 3 0 0 0 0 0 0 0 0 0 0 0 0 0 1 1 1 3 5 1 6 15 2 43 50 28 28 37 40 41 42 50 62 17 15 7 9 7 7 10 10 7 0 0 1 1 3 2 3
35 32 31 29 25 22 18 15 14 9 7 5 4 3 3 1 1 0 0 0 0 0 0 0 0 0 0 0 1 1 1 2 2 2 6 3 3 6 11 26 48 51 23 30 35 35 36 38 37 57 39 17 7 9 5 5 9 10 2 0 0 1 1 3 1 1
32 28 30 25 24 19 16 12 10 7 4 3 1 0 1 0 0 0 0 0 0 0 0 0 0 1 1 2 2 2 3 3 6 7 7 6 4 3 10 16 42 65 90 72 53 43 26 3 0 7 29 46 12 9 8 5 9 13 7 0 1 1 1 1 1 1
31 29 29 26 26 21 18 12 9 6 4 1 0 0 0 0 0 0 0 0 0 0 1 1 2 2 3 3 4 4 6 7 9 11 15 10 8 6 11 14 60 141 93 51 28 53 39 23 0 0 0 10 27 8 10 9 12 17 19 13 17 6 4 3 2 3
39 36 30 31 38 27 18 13 11 9 5 3 3 3 2 0 0 2 2 2 3 3 3 3 4 4 5 5 7 7 11 11 12 13 14 12 8 6 11 15 24 32 41 11 9 28 28 8 0 0 0 1 9 18 12 13 17 17 14 17 27 19 11 4 2 5
38 34 35 32 34 27 22 17 16 12 11 7 7 6 5 4 4 4 4 5 5 5 5 5 6 6 8 8 11 19 16 18 18 17 21 18 16 11 16 18 23 24 17 8 7 12 22 17 2 1 0 0 0 12 11 16 13 11 2 2 20 32 25 22 25 22
29 27 31 29 37 28 23 20 15 15 12 11 9 8 7 7 7 6 7 7 7 8 8 10 9 10 11 15 17 26 38 40 39 33 30 28 27 22 24 21 17 14 15 9 8 8 8 10 9 5 0 0 0 0 0 4 0 0 1 0 6 22 39 33 70 54
30 32 37 37 49 30 27 24 19 18 16 15 14 13 12 12 11 10 10 10 12 13 13 16 15 16 17 23 27 38 53 56 55 48 44 40 42 39 35 31 27 20 17 18 15 13 14 14 24 11 2 0 0 0 0 0 2 0 0 0 4 15 85 109 116 117
37 39 42 49 54 40 32 29 26 23 22 20 18 17 17 17 18 18 18 19 20 21 23 23 25 23 26 30 41 52 70 75 77 70 77 66 61 64 48 40 34 31 24 21 21 18 20 18 16 11 6 3 0 0 0 0 1 1 0 0 3 16 56 111 184 167
47 52 56 59 63 49 42 39 35 32 30 28 26 27 26 27 27 28 28 30 31 30 31 33 36 33 37 39 57 65 84 92 105 107 101 89 88 78 58 52 45 43 35 29 29 26 38 44 19 16 12 7 4 3 1 1 2 0 1 2 4 11 24 34 112 104
61 73 67 70 69 64 56 53 60 59 49 41 39 40 40 39 40 40 41 41 42 42 43 44 47 47 45 50 68 77 85 93 113 119 119 97 84 77 72 65 58 55 50 45 41 41 47 56 32 25 19 15 10 7 5 3 3 4 5 6 6 16 22 23 37 70
77 83 85 85 84 79 77 76 78 76 62 60 56 55 56 55 56 57 57 56 56 57 58 59 62 56 59 65 83 88 91 99 122 117 120 104 93 91 85 81 72 67 67 60 54 52 63 104 62 42 29 24 19 16 12 9 9 10 12 13 13 18 23 24 32 35
92 101 109 114 110 109 106 104 99 93 85 80 77 72 76 78 78 77 76 77 76 75 77 77 80 77 78 86 108 104 100 105 122 120 129 114 108 105 104 99 92 86 85 78 72 68 78 119 135 78 40 35 30 24 22 21 19 20 21 23 23 26 28 29 31 31
113 126 136 145 146 148 148 136 127 112 107 101 103 100 106 104 105 105 104 102 99 101 101 100 103 105 107 113 116 118 113 114 133 129 131 130 126 126 126 123 115 110 108 98 90 86 105 153 117 89 55 48 43 38 36 35 34 33 34 35 35 39 39 41 42 43
138 153 168 178 183 191 192 174 159 150 140 133 133 132 133 136 140 138 135 135 128 127 119 119 120 123 130 133 138 135 132 134 141 147 141 145 146 149 148 142 139 136 130 120 115 110 133 182 122 89 74 69 64 58 53 51 45 46 43 44 45 48 49 51 50 50
