ENSO Shiny App/clickmap2.asc
NCOLS 721 
NROWS 361 
XLLCORNER -180 
YLLCORNER -90 
CELLSIZE 0.5 
NODATA_value -3.4e+38 
[rows 145 to 173 of 361, columns 330 to 395 of 721]
181 201 214 224 227 242 243 224 215 203 188 181 179 178 173 177 182 179 177 174 166 161 153 151 153 156 161 161 164 166 160 161 174 184 165 182 192 181 176 177 170 167 165 151 140 133 149 148 120 103 96 88 82 76 71 69 63 63 61 63 61 65 69 71 67 68
238 255 268 275 287 290 301 286 278 267 247 236 235 231 228 234 234 229 225 222 202 194 189 185 191 193 191 194 197 195 196 196 221 222 211 226 225 210 211 215 204 202 208 198 177 161 163 157 142 129 120 111 104 97 93 90 85 83 81 80 81 85 85 89 95 98
307 315 327 344 356 360 377 356 351 339 324 314 310 301 295 294 292 288 280 270 257 250 241 242 243 245 253 252 255 247 243 240 248 254 253 265 258 265 256 254 246 243 252 240 222 206 198 186 174 163 150 139 130 123 115 109 105 102 101 105 106 111 111 115 124 129
383 394 409 423 441 438 444 433 428 414 404 395 386 376 364 355 343 338 334 332 321 316 309 304 304 308 310 307 305 309 303 297 293 285 284 292 295 297 304 306 298 293 292 278 267 256 237 229 214 197 185 167 158 143 136 130 125 124 124 130 135 139 145 151 157 162
475 493 508 520 530 537 528 525 507 504 496 490 476 453 427 407 400 401 391 390 384 381 377 366 365 376 368 370 370 366 359 352 351 347 347 351 353 357 363 357 350 348 350 331 316 305 292 285 259 238 220 205 190 172 163 156 152 150 153 159 168 174 176 184 192 202
582 603 620 635 642 637 627 618 615 601 586 583 562 537 507 479 462 465 460 456 455 445 446 447 428 434 435 441 434 423 417 408 402 409 407 414 417 414 416 416 406 407 409 392 375 362 358 344 307 284 269 245 227 218 201 188 186 185 188 193 202 205 212 225 232 242
711 721 737 751 759 756 751 730 724 706 687 669 649 629 595 575 548 533 527 524 523 519 516 518 513 512 518 512 502 482 475 467 457 462 465 472 474 479 478 477 469 465 470 452 437 420 409 389 366 335 312 292 272 263 249 230 223 224 225 233 243 249 258 267 279 291
869 871 867 883 887 880 872 864 835 819 792 773 747 729 701 674 651 622 607 606 609 607 605 601 608 610 602 591 573 558 541 534 524 518 528 544 547 553 558 542 534 534 546 520 508 496 482 457 427 398 369 341 323 306 293 277 279 356 276 278 290 300 309 321 335 349
1054 1052 1043 1031 1025 1015 1006 1000 966 943 914 893 868 832 805 782 755 724 711 710 707 700 687 682 690 695 683 665 650 631 627 618 604 595 599 612 624 640 642 634 622 624 623 609 585 571 557 538 502 472 432 405 390 373 354 343 342 424 428 435 352 364 377 386 399 413
1284 1272 1254 1222 1181 1159 1137 1127 1098 1053 1028 1011 986 947 913 889 865 838 831 816 811 804 775 766 761 766 759 741 726 720 716 710 693 685 683 691 702 724 735 723 721 714 722 711 698 671 647 611 579 549 518 494 479 461 439 428 424 426 511 427 436 450 455 465 480 495
1541 1529 1487 1424 1360 1305 1266 1241 1208 1176 1147 1120 1090 1033 998 989 973 941 926 921 910 891 859 844 833 829 827 808 799 809 809 801 792 782 770 770 766 788 811 801 813 809 818 819 805 793 755 712 678 646 616 588 568 554 538 522 514 513 510 516 522 535 542 550 564 595
1824 1787 1736 1650 1564 1488 1410 1378 1323 1281 1250 1225 1192 1136 1097 1085 1067 1045 1027 1009 984 950 934 908 900 901 894 879 870 883 890 874 873 873 864 859 853 859 867 871 888 881 906 917 909 892 854 816 784 753 715 696 677 656 639 626 603 590 588 596 606 620 634 655 666 687
2088 2035 1960 1864 1767 1651 1568 1503 1436 1383 1354 1310 1279 1254 1206 1181 1165 1148 1131 1095 1057 1013 985 957 949 957 957 957 946 956 969 950 953 959 953 957 950 935 933 933 962 958 986 995 1002 991 957 918 899 857 811 785 764 747 735 716 688 689 671 677 689 709 731 751 760 772
2289 2254 2168 2050 1916 1817 1734 1642 1571 1517 1474 1424 1385 1344 1294 1270 1252 1227 1207 1172 1116 1074 1025 1000 989 1002 1009 1014 1018 1026 1044 1027 1047 1060 1044 1033 1020 1010 1000 998 1019 1014 1034 1061 1089 1065 1047 1038 1012 948 906 875 837 824 829 815 792 817 779 763 773 804 842 848 840 845
-3.4e+38 2439 2377 2255 2111 2010 1913 1837 1754 1682 1622 1564 1509 1440 1375 1329 1312 1292 1258 1210 1155 1119 1072 1043 1022 1028 1039 1060 1074 1094 1105 1115 1152 1170 1137 1111 1086 1063 1060 1057 1065 1078 1084 1115 1139 1140 1126 1145 1114 1037 981 952 921 900 895 920 906 890 842 832 851 881 917 922 907 902
-3.4e+38 -3.4e+38 2617 2501 2350 2227 2097 2018 1957 1858 1793 1733 1643 1536 1443 1387 1371 1348 1300 1239 1171 1126 1103 1073 1057 1065 1085 1105 1131 1162 1181 1208 1241 1224 1191 1157 1130 1108 1097 1101 1117 1120 1127 1156 1174 1198 1207 1257 1201 1085 1054 1019 1018 985 977 985 974 928 896 905 913 938 960 959 947 947
-3.4e+38 -3.4e+38 -3.4e+38 2701 2574 2408 2274 2173 2115 2043 1982 1919 1787 1627 1493 1416 1386 1350 1300 1245 1177 1138 1112 1099 1093 1116 1135 1136 1167 1199 1225 1284 1285 1208 1169 1153 1149 1143 1130 1133 1151 1163 1177 1197 1222 1239 1222 1270 1256 1152 1111 1098 1080 1069 1046 1043 1034 1009 983 1015 1025 1019 1017 1007 991 991
-3.4e+38 -3.4e+38 -3.4e+38 2883 2744 2574 2442 2351 2271 2222 2198 2105 1910 1711 1538 1435 1366 1310 1263 1213 1177 1147 1132 1138 1141 1146 1154 1162 1185 1221 1238 1296 1259 1178 1106 1111 1166 1180 1187 1193 1206 1234 1238 1246 1265 1269 1246 1232 1208 1188 1188 1184 1178 1235 1183 1209 1182 1133 1108 1117 1123 1095 1083 1062 1010 1014
-3.4e+38 -3.4e+38 -3.4e+38 -3.4e+38 2897 2742 2608 2533 2434 2381 2341 2204 1990 1767 1573 1461 1364 1277 1222 1195 1173 1158 1160 1175 1186 1175 1182 1197 1220 1241 1275 1311 1224 1127 1074 1110 1185 1245 1271 1300 1316 1324 1334 1312 1323 1332 1325 1304 1291 1260 1289 1307 1299 1373 1325 1290 1310 1268 1240 1218 1206 1193 1163 1126 1089 1087
-3.4e+38 -3.4e+38 -3.4e+38 -3.4e+38 3068 2968 2819 2729 2629 2528 2410 2236 2010 1828 1670 1531 1424 1318 1228 1199 1171 1171 1184 1202 1211 1211 1248 1248 1258 1268 1293 1338 1216 1113 1082 1143 1213 1300 1367 1426 1459 1470 1451 1417 1421 1429 1420 1416 1438 1443 1461 1483 1479 1475 1451 1458 1424 1410 1395 1342 1315 1277 1246 1205 1180 1177
-3.4e+38 -3.4e+38 -3.4e+38 -3.4e+38 -3.4e+38 -3.4e+38 3027 2948 2829 2689 2496 2289 2077 1889 1733 1606 1497 1405 1300 1233 1208 1197 1223 1236 1250 1263 1295 1286 1284 1288 1308 1341 1194 1126 1094 1146 1273 1383 1462 1550 1600 1611 1611 1574 1566 1579 1600 1641 1670 1676 1668 1664 1645 1627 1617 1576 1542 1528 1509 1436 1391 1368 1325 1285 1267 1258
-3.4e+38 -3.4e+38 -3.4e+38 -3.4e+38 -3.4e+38 -3.4e+38 -3.4e+38 3128 3038 2865 2630 2394 2167 1954 1804 1661 1531 1434 1357 1290 1244 1243 1274 1301 1320 1338 1333 1322 1282 1256 1278 1273 1161 1075 1123 1226 1395 1511 1598 1679 1754 1795 1803 1775 1757 1766 1831 1895 1932 1926 1877 1817 1808 1732 1671 1626 1586 1556 1530 1505 1470 1435 1399 1370 1355 1342
-3.4e+38 -3.4e+38 -3.4e+38 -3.4e+38 -3.4e+38 -3.4e+38 -3.4e+38 -3.4e+38 -3.4e+38 3005 2778 2544 2309 2086 1904 1735 1589 1483 1416 1367 1319 1325 1362 1407 1426 1411 1364 1305 1240 1197 1143 1120 1086 1124 -3.4e+38 -3.4e+38 -3.4e+38 -3.4e+38 -3.4e+38 1831 1933 2007 2008 1998 1986 1998 2081 2161 2204 2149 2057 1973 1839 1747 1665 1626 1593 1579 1553 1531 1500 1469 1440 1418 1415 1410
-3.4e+38 -3.4e+38 -3.4e+38 -3.4e+38 -3.4e+38 -3.4e+38 -3.4e+38 -3.4e+38 -3.4e+38 -3.4e+38 2875 2690 2456 2236 2023 1824 1659 1540 1489 1450 1437 1451 1471 1526 1525 1457 1361 1270 1162 1035 1004 -3.4e+38 -3.4e+38 -3.4e+38 -3.4e+38 -3.4e+38 -3.4e+38 -3.4e+38 -3.4e+38 -3.4e+38 2098 2190 2197 2184 2205 2239 2319 2412 2471 2329 2161 2027 1874 1745 1650 1603 1586 1568 1565 1548 1498 1470 1482 1479 1481 1462
-3.4e+38 -3.4e+38 -3.4e+38 -3.4e+38 -3.4e+38 -3.4e+38 -3.4e+38 -3.4e+38 -3.4e+38 -3.4e+38 -3.4e+38 -3.4e+38 2592 2357 2135 1929 1740 1608 1557 1555 1550 1571 1589 1622 1592 1513 1367 1221 1120 -3.4e+38 -3.4e+38 -3.4e+38 -3.4e+38 -3.4e+38 -3.4e+38 -3.4e+38 -3.4e+38 -3.4e+38 -3.4e+38 -3.4e+38 -3.4e+38 2293 2305 2308 2351 2421 2500 2570 2589 2451 2218 2068 1884 1750 1651 1597 1571 1562 1564 1554 1527 1507 1523 1528 1539 1524
-3.4e+38 -3.4e+38 -3.4e+38 -3.4e+38 -3.4e+38 -3.4e+38 -3.4e+38 -3.4e+38 -3.4e+38 -3.4e+38 -3.4e+38 -3.4e+38 -3.4e+38 -3.4e+38 2192 1985 1778 -3.4e+38 -3.4e+38 -3.4e+38 -3.4e+38 -3.4e+38 -3.4e+38 -3.4e+38 -3.4e+38 -3.4e+38 -3.4e+38 -3.4e+38 -3.4e+38 -3.4e+38 -3.4e+38 -3.4e+38 -3.4e+38 -3.4e+38 -3.4e+38 -3.4e+38 -3.4e+38 -3.4e+38 -3.4e+38 -3.4e+38 -3.4e+38 2290 2338 2364 2425 2511 2589 2652 2679 2615 2416 2134 1837 1725 1639 1598 1579 1562 1552 1554 1549 1539 1549 1561 1571 1564
-3.4e+38 -3.4e+38 -3.4e+38 -3.4e+38 -3.4e+38 -3.4e+38 -3.4e+38 -3.4e+38 -3.4e+38 -3.4e+38 -3.4e+38 -3.4e+38 -3.4e+38 -3.4e+38 -3.4e+38 -3.4e+38 -3.4e+38 -3.4e+38 -3.4e+38 -3.4e+38 -3.4e+38 -3.4e+38 -3.4e+38 -3.4e+38 -3.4e+38 -3.4e+38 -3.4e+38 -3.4e+38 -3.4e+38 -3.4e+38 -3.4e+38 -3.4e+38 -3.4e+38 -3.4e+38 -3.4e+38 -3.4e+38 -3.4e+38 -3.4e+38 -3.4e+38 -3.4e+38 -3.4e+38 -3.4e+38 -3.4e+38 -3.4e+38 -3.4e+38 -3.4e+38 -3.4e+38 -3.4e+38 2741 2789 2508 2196 1887 1714 1633 1608 1595 1583 1564 1558 1559 1555 1549 1572 1580 1573
-3.4e+38 -3.4e+38 -3.4e+38 -3.4e+38 -3.4e+38 -3.4e+38 -3.4e+38 -3.4e+38 -3.4e+38 -3.4e+38 -3.4e+38 -3.4e+38 -3.4e+38 -3.4e+38 -3.4e+38 -3.4e+38 -3.4e+38 -3.4e+38 -3.4e+38 -3.4e+38 -3.4e+38 -3.4e+38 -3.4e+38 -3.4e+38 -3.4e+38 -3.4e+38 -3.4e+38 -3.4e+38 -3.4e+38 -3.4e+38 -3.4e+38 -3.4e+38 -3.4e+38 -3.4e+38 -3.4e+38 -3.4e+38 -3.4e+38 -3.4e+38 -3.4e+38 -3.4e+38 -3.4e+38 -3.4e+38 -3.4e+38 -3.4e+38 -3.4e+38 -3.4e+38 -3.4e+38 -3.4e+38 -3.4e+38 2788 2464 2152 1888 1716 1644 1619 1618 1604 1587 1589 1589 1573 1585 1598 1605 1605
-3.4e+38 -3.4e+38 -3.4e+38 -3.4e+38 -3.4e+38 -3.4e+38 -3.4e+38 -3.4e+38 -3.4e+38 -3.4e+38 -3.4e+38 -3.4e+38 -3.4e+38 -3.4e+38 -3.4e+38 -3.4e+38 -3.4e+38 -3.4e+38 -3.4e+38 -3.4e+38 -3.4e+38 -3.4e+38 -3.4e+38 -3.4e+38 -3.4e+38 -3.4e+38 -3.4e+38 -3.4e+38 -3.4e+38 -3.4e+38 -3.4e+38 -3.4e+38 -3.4e+38 -3.4e+38 -3.4e+38 -3.4e+38 -3.4e+38 -3.4e+38 -3.4e+38 -3.4e+38 -3.4e+38 -3.4e+38 -3.4e+38 -3.4e+38 -3.4e+38 -3.4e+38 -3.4e+38 2490 -3.4e+38 -3.4e+38 2399 2119 1890 1720 1643 1631 1632 1612 1594 1596 1606 1605 1608 1632 1634 1642
